Run timestamp: 2026-04-25_16-59-43

Grid:
Lx = 128
Ly = 128
Lz = 35

Energies (E_vals):
[[0.  , 0.25, 0.49],
 [0.25, 0.51, 0.25],
 [0.49, 0.25, 0.51]]

DEP:
[[1.17315000e+03, 2.00000000e+00, 3.00000000e+02, 4.00000000e-02,
  2.00000000e+00, 3.33333333e-01, 3.00000000e+00, 6.66666667e-01]]

Constants:
Estatic = 1.0
E_ES = 0.15
kB = 8.617333262e-05

Random seed = 42

Debug parameters:
relaxation_mode = time-based KMC, t_end = 1/f
plot_every = 0
max_events_per_pulse = 100000000
debug_fps = 5
step_count_W = 1
debug_frames_enabled = False
snapshots_enabled = True
snapshot_fractions = [0.25, 0.5, 0.75, 1.0]
profile_enabled = False
profile_pulses = None
plotting_enabled = False
save_final_state = True
roughness_save_every_percent = 100.0
doe_temperature_celsius = 900.0
doe_temperature_kelvin = 1173.15
doe_frequency_hz = 2.0

Validation counters:
total_accepted_hops = 188443380
hops_per_pulse = [3361376, 2679159, 2047894, 1638268, 1493981, 1401635, 1238578, 1326088, 1161394, 1060607, 1127731, 997718, 947550, 954339, 803534, 837038, 978213, 940008, 1047567, 864657, 1016800, 946450, 920773, 855104, 908258, 968648, 905605, 852695, 809543, 925587, 895942, 932972, 813754, 831733, 800908, 683979, 760162, 696640, 672401, 622421, 671924, 658037, 647924, 612939, 626417, 575322, 628189, 580148, 555757, 537788, 608015, 592868, 619223, 526386, 681039, 612387, 649846, 633598, 685801, 615172, 613537, 596865, 639273, 577596, 632087, 550431, 578944, 573564, 563812, 604988, 548818, 537268, 602509, 560089, 551697, 603684, 569920, 545016, 502217, 541249, 529405, 608862, 563181, 689676, 714773, 640432, 631033, 612908, 623165, 617355, 576696, 566124, 512048, 609556, 600575, 638688, 537379, 595869, 507437, 542295, 546263, 563258, 525639, 567207, 569833, 552712, 529545, 527872, 539831, 537192, 542843, 607166, 603492, 633274, 553663, 573746, 559822, 632303, 595572, 598529, 625625, 579776, 634928, 573050, 592571, 580347, 562112, 507882, 506286, 557837, 569603, 493836, 515031, 493315, 559129, 483619, 516282, 570134, 572049, 557271, 580837, 551692, 522759, 536011, 491096, 551525, 588874, 506214, 561273, 599496, 603264, 582653, 654224, 531757, 560544, 566758, 589677, 581304, 470584, 552259, 570709, 519767, 528401, 501810, 563053, 514729, 465761, 508657, 516277, 502620, 494218, 500393, 552655, 497956, 503768, 525145, 500436, 589917, 500013, 532082, 511904, 489362, 481121, 459812, 535953, 557752, 604147, 549063, 558502, 554063, 492263, 475848, 491293, 533378, 499293, 467115, 473054, 519525, 475800, 513732, 495394, 465620, 491503, 499556, 465808, 528449, 512108, 547526, 587802, 509003, 508245, 494380, 511566, 473464, 541724, 531750, 558890, 568593, 526605, 530584, 578544, 530480, 573174, 590780, 531983, 505282, 579871, 575144, 596934, 649549, 613139, 588123, 617741, 546679, 586187, 503840, 633028, 528500, 554548, 540998, 499753, 486446, 490039, 524480, 524238, 532691, 511748, 544936, 543314, 579171, 664061, 590779, 637868, 570432, 557615, 560429, 534480, 588084, 571990, 552667, 563480, 589600, 573698, 543152, 558765, 526597, 540794, 590797, 575656, 560304, 551508, 496755, 514607, 540392, 486682, 544220, 564104, 552313, 563807, 609525, 590206, 601435, 603470, 574889, 515734, 514946, 503007, 492401, 589174, 554542, 549232, 557531, 559664, 520830, 473870, 512978, 512564, 540275, 560270, 549187]
prevented_voids = 0
prevented_single_floaters = 0
prevented_multiple_floaters = 0
pulses_completed = 300
pulses_ended_by_time = 300
pulses_ended_by_max_events = 0
average_hops_per_pulse = 628144.6

Notes:
main KMCS run / single execution path | DOE T=900C (1173.15 K), f=2 Hz
